24998at4891	0	40	193
4765at4891	0	76	763
38368at4891	0	25	250
39816at4891	0	24	159
3616at4891	0	69	527
17830at4891	0	23	225
1947at4891	0	85	847
16233at4891	0	46	403
5536at4891	0	50	502
8475at4891	0	35	345
7237at4891	0	46	456
23741at4891	0	29	287
34687at4891	0	11	112
18949at4891	0	46	304
18783at4891	0	25	253
20532at4891	0	24	243
32319at4891	0	13	125
11405at4891	0	58	581
30752at4891	0	20	197
37939at4891	0	13	129
26316at4891	0	19	193
4478at4891	0	47	468
2471at4891	0	78	779
30222at4891	0	15	153
19254at4891	0	33	332
16038at4891	0	38	381
6396at4891	0	45	452
24114at4891	0	20	199
13501at4891	0	81	394
1841at4891	0	73	504
34959at4891	0	21	208
18087at4891	0	26	256
15018at4891	0	82	326
5183at4891	0	45	454
26290at4891	0	26	163
14054at4891	0	28	283
13867at4891	0	33	326
18378at4891	0	24	236
2565at4891	0	116	618
2543at4891	0	53	522
35588at4891	0	10	104
28251at4891	0	16	160
33600at4891	0	28	284
5569at4891	0	113	557
25226at4891	0	49	379
13197at4891	0	28	283
24818at4891	0	19	189
33531at4891	0	11	100
19641at4891	0	17	147
115at4891	0	169	1447
1344at4891	0	68	505
39508at4891	0	45	447
36448at4891	0	17	166
25828at4891	0	28	282
9030at4891	0	62	617
34811at4891	0	10	98
5483at4891	0	58	583
24255at4891	0	17	169
15616at4891	0	45	449
39138at4891	0	7	74
2446at4891	0	91	762
10825at4891	0	39	394
12314at4891	0	30	296
18047at4891	0	32	316
10359at4891	0	33	330
28498at4891	0	16	159
25783at4891	0	22	219
18733at4891	0	23	234
23232at4891	0	16	158
31371at4891	0	29	294
11892at4891	0	34	344
41713at4891	0	6	59
28051at4891	0	16	163
17054at4891	0	29	285
11626at4891	0	41	413
34416at4891	0	17	168
431at4891	0	106	1056
21150at4891	0	29	293
24793at4891	0	27	268
20748at4891	0	20	198
13407at4891	0	36	356
29300at4891	0	32	320
10892at4891	0	36	355
20167at4891	0	29	278
3032at4891	0	59	585
37089at4891	0	10	101
37735at4891	0	13	129
40021at4891	0	20	151
1633at4891	0	58	579
14834at4891	0	27	239
14631at4891	0	34	339
11349at4891	0	60	602
26325at4891	0	26	261
7582at4891	0	37	365
154at4891	0	25	248
32892at4891	0	16	163
3292at4891	0	47	473
9446at4891	0	39	388
22230at4891	0	26	260
23351at4891	0	28	278
19756at4891	0	67	671
4034at4891	0	46	458
4474at4891	0	48	476
8037at4891	0	57	364
4254at4891	0	53	531
21506at4891	0	46	348
14108at4891	0	34	339
34467at4891	0	13	132
7444at4891	0	48	475
19259at4891	0	29	287
22819at4891	0	24	236
5384at4891	0	46	387
33387at4891	0	12	121
5194at4891	0	61	611
28629at4891	0	16	158
30539at4891	0	13	129
31650at4891	0	20	199
11916at4891	0	32	324
39854at4891	0	9	88
33398at4891	0	14	137
33087at4891	0	29	218
21530at4891	0	25	245
13437at4891	0	36	358
3287at4891	0	70	698
28812at4891	0	16	156
41476at4891	0	9	55
6149at4891	0	42	422
37194at4891	0	22	163
10391at4891	0	48	481
38264at4891	0	52	243
38798at4891	0	11	112
40078at4891	0	9	91
33667at4891	0	12	124
29660at4891	0	23	234
31564at4891	0	13	129
24980at4891	0	20	199
9643at4891	0	42	313
31279at4891	0	21	214
26745at4891	0	24	187
10924at4891	0	29	294
22920at4891	0	25	254
39132at4891	0	7	74
32025at4891	0	13	133
33709at4891	0	11	110
1699at4891	0	69	688
42500at4891	0	7	58
1860at4891	0	60	597
11586at4891	0	34	335
23023at4891	0	44	386
10130at4891	0	49	447
31320at4891	0	16	161
33306at4891	0	15	151
28527at4891	0	37	292
25443at4891	0	23	234
24692at4891	0	22	216
5157at4891	0	62	618
41473at4891	0	7	68
27558at4891	0	16	161
10800at4891	0	41	413
9175at4891	0	44	438
12237at4891	0	38	300
3988at4891	0	60	604
4448at4891	0	69	462
36882at4891	0	16	131
21808at4891	0	40	358
24360at4891	0	21	210
36113at4891	0	11	105
34188at4891	0	19	146
28058at4891	0	17	173
9759at4891	0	40	398
36811at4891	0	9	88
16156at4891	0	86	860
20375at4891	0	31	307
4773at4891	0	88	451
30988at4891	0	27	273
29770at4891	0	21	209
14376at4891	0	31	314
1240at4891	0	102	561
5691at4891	0	44	444
29491at4891	0	29	288
21182at4891	0	27	273
26880at4891	0	20	197
27081at4891	0	19	189
36486at4891	0	13	133
24610at4891	0	27	142
6902at4891	0	53	526
26469at4891	0	20	151
16688at4891	0	60	603
21634at4891	0	26	260
29932at4891	0	49	493
29203at4891	0	26	264
21248at4891	0	32	284
29985at4891	0	19	192
11698at4891	0	31	313
28359at4891	0	36	252
36583at4891	0	12	115
37398at4891	0	41	406
7515at4891	0	48	483
32785at4891	0	15	151
17309at4891	0	20	202
9657at4891	0	36	358
29125at4891	0	31	309
4853at4891	0	88	347
14739at4891	0	29	294
27126at4891	0	30	156
510at4891	0	94	944
17870at4891	0	26	261
19264at4891	0	35	341
31374at4891	0	28	150
12445at4891	0	33	331
1523at4891	0	77	765
16391at4891	0	49	490
23226at4891	0	20	204
7831at4891	0	44	442
7136at4891	0	44	440
7692at4891	0	58	576
11232at4891	0	26	263
34789at4891	0	16	115
19842at4891	0	56	352
23345at4891	0	29	289
25967at4891	0	17	172
1299at4891	0	94	936
28186at4891	0	23	230
29560at4891	0	18	180
24835at4891	0	25	246
32546at4891	0	15	148
35670at4891	0	12	121
86at4891	0	182	1821
35796at4891	0	20	173
23956at4891	0	30	215
26569at4891	0	26	255
27991at4891	0	23	194
20394at4891	0	25	247
11624at4891	0	28	280
35014at4891	0	14	99
14377at4891	0	29	291
41181at4891	0	16	158
2385at4891	0	69	688
32549at4891	0	13	130
10233at4891	0	28	281
13519at4891	0	30	301
28993at4891	0	36	360
30591at4891	0	14	136
27863at4891	0	102	515
21513at4891	0	36	350
18416at4891	0	26	260
26894at4891	0	20	204
4848at4891	0	53	528
23357at4891	0	55	553
17728at4891	0	24	239
34318at4891	0	12	124
39178at4891	0	22	215
32872at4891	0	12	118
17771at4891	0	26	263
18822at4891	0	28	278
39278at4891	0	13	131
2915at4891	0	115	942
5741at4891	0	55	547
11825at4891	0	34	338
15785at4891	0	31	221
12110at4891	0	30	303
35981at4891	0	12	106
28780at4891	0	18	177
18113at4891	0	33	293
35367at4891	0	32	142
31728at4891	0	24	144
15702at4891	0	35	347
11198at4891	0	35	346
18097at4891	0	26	262
25313at4891	0	24	237
31822at4891	0	16	161
14888at4891	0	52	518
9012at4891	0	42	420
23750at4891	0	23	232
37386at4891	0	15	146
38778at4891	0	6	61
35912at4891	0	21	208
9525at4891	0	37	366
1875at4891	0	79	787
9469at4891	0	42	421
27862at4891	0	29	196
29122at4891	0	28	284
12784at4891	0	40	397
38915at4891	0	8	80
16446at4891	0	30	304
33386at4891	0	10	83
27888at4891	0	20	147
29070at4891	0	15	153
16677at4891	0	61	610
2630at4891	0	84	841
12549at4891	0	30	304
6at4891	0	336	2783
22538at4891	0	34	343
28323at4891	0	31	307
986at4891	0	165	1362
6821at4891	0	35	351
37266at4891	0	7	73
692at4891	0	122	1221
37165at4891	0	14	137
4661at4891	0	102	510
18995at4891	0	25	245
9507at4891	0	38	384
16203at4891	0	32	321
37570at4891	0	17	142
2203at4891	0	63	626
26729at4891	0	19	191
25476at4891	0	19	187
37641at4891	0	15	153
39075at4891	0	9	87
8365at4891	0	61	443
16970at4891	0	28	282
18487at4891	0	29	292
23143at4891	0	25	249
394at4891	0	113	1134
16556at4891	0	26	259
29148at4891	0	23	233
32607at4891	0	20	128
28151at4891	0	31	307
22859at4891	0	18	184
30948at4891	0	12	115
17129at4891	0	47	333
13847at4891	0	32	315
13290at4891	0	41	406
2825at4891	0	60	598
24837at4891	0	23	232
15248at4891	0	41	414
26527at4891	0	40	371
6437at4891	0	47	468
274at4891	0	166	1656
16726at4891	0	22	215
12194at4891	0	69	689
33227at4891	0	14	144
18789at4891	0	27	265
40930at4891	0	6	63
37680at4891	0	7	72
31913at4891	0	45	281
37126at4891	0	12	116
13823at4891	0	30	302
13503at4891	0	28	277
34895at4891	0	23	226
32545at4891	0	12	122
7265at4891	0	75	518
33349at4891	0	15	146
22532at4891	0	32	225
38176at4891	0	14	138
11682at4891	0	36	355
6046at4891	0	45	445
9862at4891	0	39	393
29475at4891	0	19	191
4336at4891	0	43	430
61at4891	0	272	1843
25873at4891	0	18	179
35061at4891	0	11	106
16711at4891	0	25	250
33887at4891	0	18	176
4064at4891	0	64	639
38523at4891	0	10	102
11155at4891	0	31	307
39248at4891	0	7	65
26866at4891	0	26	262
5123at4891	0	55	549
33312at4891	0	19	194
29534at4891	0	33	259
26555at4891	0	26	234
12039at4891	0	37	368
26500at4891	0	18	183
36972at4891	0	24	244
1312at4891	0	129	870
30116at4891	0	22	222
27889at4891	0	24	206
27475at4891	0	18	179
30352at4891	0	23	198
30264at4891	0	27	273
25626at4891	0	24	209
33121at4891	0	13	132
4476at4891	0	52	520
2166at4891	0	68	678
3798at4891	0	54	544
31628at4891	0	12	122
34147at4891	0	26	256
20859at4891	0	25	253
29252at4891	0	16	164
25093at4891	0	18	178
10934at4891	0	37	365
12567at4891	0	32	321
35083at4891	0	22	218
17265at4891	0	27	265
35842at4891	0	17	172
25480at4891	0	17	136
26413at4891	0	19	192
14504at4891	0	36	361
18482at4891	0	28	276
31102at4891	0	15	149
30938at4891	0	24	186
10350at4891	0	36	363
28037at4891	0	23	233
21312at4891	0	33	332
38540at4891	0	21	179
24498at4891	0	15	145
40500at4891	0	12	88
23964at4891	0	47	359
15943at4891	0	23	225
4865at4891	0	94	506
4366at4891	0	161	804
19827at4891	0	25	218
30563at4891	0	23	203
7363at4891	0	43	430
28309at4891	0	16	155
27202at4891	0	30	256
216at4891	0	101	1008
2971at4891	0	62	616
24579at4891	0	31	313
12627at4891	0	34	336
35136at4891	0	9	92
35036at4891	0	23	226
12468at4891	0	87	563
26198at4891	0	28	277
28933at4891	0	16	161
19222at4891	0	24	202
35844at4891	0	9	92
12232at4891	0	30	296
18728at4891	0	50	503
29631at4891	0	14	123
36374at4891	0	23	231
751at4891	0	92	915
16125at4891	0	38	377
33999at4891	0	11	105
1923at4891	0	64	640
33668at4891	0	12	116
11809at4891	0	29	285
42337at4891	0	11	113
27063at4891	0	52	359
23266at4891	0	46	459
21583at4891	0	27	192
6567at4891	0	51	511
3596at4891	0	50	501
17769at4891	0	59	515
15011at4891	0	28	275
6691at4891	0	41	409
24992at4891	0	21	211
1180at4891	0	96	956
7407at4891	0	39	387
28544at4891	0	15	154
24709at4891	0	22	222
27330at4891	0	16	158
32853at4891	0	10	101
8330at4891	0	47	473
6231at4891	0	55	550
8311at4891	0	41	406
8855at4891	0	42	419
26418at4891	0	19	191
1529at4891	0	82	817
7840at4891	0	56	558
2549at4891	0	98	978
7327at4891	0	53	447
29467at4891	0	17	168
9958at4891	0	48	482
29555at4891	0	17	174
29169at4891	0	27	166
34835at4891	0	26	174
31662at4891	0	18	177
1220at4891	0	120	1198
13874at4891	0	34	341
13129at4891	0	28	275
4175at4891	0	56	558
36106at4891	0	7	71
1521at4891	0	77	772
26111at4891	0	25	246
15514at4891	0	33	327
13875at4891	0	35	354
3246at4891	0	79	787
11266at4891	0	37	369
8737at4891	0	36	361
29533at4891	0	21	170
33119at4891	0	13	131
18990at4891	0	31	196
28648at4891	0	51	359
20594at4891	0	25	246
27928at4891	0	12	106
21711at4891	0	19	190
17461at4891	0	116	849
27717at4891	0	34	291
4361at4891	0	51	509
15731at4891	0	46	296
5189at4891	0	43	426
16461at4891	0	40	339
24627at4891	0	43	390
34378at4891	0	22	217
8064at4891	0	51	511
28548at4891	0	17	173
2716at4891	0	53	526
1341at4891	0	60	602
12422at4891	0	38	383
17712at4891	0	36	319
22851at4891	0	36	359
3496at4891	0	66	659
30904at4891	0	19	194
27533at4891	0	20	199
15897at4891	0	26	262
1708at4891	0	70	702
594at4891	0	96	963
4846at4891	0	47	406
7300at4891	0	43	427
13869at4891	0	30	298
20145at4891	0	21	213
3937at4891	0	43	428
21277at4891	0	30	300
16598at4891	0	37	369
4795at4891	0	48	481
10975at4891	0	50	500
27547at4891	0	21	209
33952at4891	0	16	156
41696at4891	0	21	151
9032at4891	0	38	379
8944at4891	0	42	419
29872at4891	0	21	175
19306at4891	0	25	250
31512at4891	0	15	148
34341at4891	0	21	207
27851at4891	0	14	142
18899at4891	0	26	263
33875at4891	0	13	125
14062at4891	0	33	329
22405at4891	0	26	264
38977at4891	0	13	102
23355at4891	0	17	166
19196at4891	0	27	269
11326at4891	0	29	293
36316at4891	0	6	63
10313at4891	0	37	374
21155at4891	0	27	274
0at4891	0	494	3218
13866at4891	0	33	327
17473at4891	0	27	265
21615at4891	0	18	176
10099at4891	0	46	387
5188at4891	0	47	437
18994at4891	0	31	305
5639at4891	0	84	841
26743at4891	0	24	219
3174at4891	0	73	732
12680at4891	0	24	242
9903at4891	0	29	291
34901at4891	0	21	208
32582at4891	0	14	140
33343at4891	0	20	140
32519at4891	0	18	175
23976at4891	0	19	190
20464at4891	0	37	336
34011at4891	0	18	184
28258at4891	0	16	136
40312at4891	0	11	109
15100at4891	0	78	574
32146at4891	0	17	161
35656at4891	0	12	124
23at4891	0	214	2136
365at4891	0	130	1303
22345at4891	0	60	363
33224at4891	0	13	129
18805at4891	0	37	222
32155at4891	0	42	235
3044at4891	0	59	404
24124at4891	0	28	242
36168at4891	0	20	198
12980at4891	0	30	299
9718at4891	0	44	440
11696at4891	0	38	382
30441at4891	0	13	132
8353at4891	0	44	437
4369at4891	0	48	482
39238at4891	0	12	117
25172at4891	0	24	239
40108at4891	0	22	220
19967at4891	0	40	275
6164at4891	0	39	392
35904at4891	0	19	125
30941at4891	0	35	206
21579at4891	0	24	235
35210at4891	0	78	485
31733at4891	0	30	219
41996at4891	0	5	50
3806at4891	0	42	416
9061at4891	0	41	410
15766at4891	0	29	287
8253at4891	0	115	809
6418at4891	0	37	308
13648at4891	0	34	335
27320at4891	0	38	368
11902at4891	0	43	228
22073at4891	0	22	219
16016at4891	0	33	329
4598at4891	0	48	484
8222at4891	0	42	424
13634at4891	0	34	342
12584at4891	0	58	576
1865at4891	0	93	930
13326at4891	0	37	365
3316at4891	0	75	746
962at4891	0	80	801
6409at4891	0	54	538
8291at4891	0	43	408
1803at4891	0	75	748
15997at4891	0	64	432
652at4891	0	88	879
5851at4891	0	55	547
33117at4891	0	12	124
3397at4891	0	57	573
24073at4891	0	26	257
1038at4891	0	67	663
16954at4891	0	28	282
13656at4891	0	32	322
6789at4891	0	38	375
4918at4891	0	72	719
34813at4891	0	13	129
35216at4891	0	12	120
2548at4891	0	78	778
6624at4891	0	43	429
9668at4891	0	37	371
15581at4891	0	27	268
7600at4891	0	38	377
35787at4891	0	15	131
39885at4891	0	9	85
24643at4891	0	22	221
6544at4891	0	39	387
4428at4891	0	47	473
28785at4891	0	20	191
8380at4891	0	61	357
10194at4891	0	39	362
29747at4891	0	32	320
31434at4891	0	34	201
471at4891	0	98	984
40035at4891	0	11	114
16535at4891	0	35	351
5495at4891	0	93	754
24320at4891	0	24	243
8708at4891	0	44	440
21922at4891	0	22	216
14902at4891	0	28	282
15707at4891	0	34	335
21992at4891	0	30	209
4310at4891	0	75	573
39848at4891	0	12	118
26808at4891	0	15	150
21621at4891	0	24	240
8437at4891	0	69	621
37011at4891	0	28	189
8562at4891	0	55	546
5756at4891	0	75	461
8231at4891	0	48	477
2180at4891	0	80	754
9605at4891	0	38	384
32270at4891	0	23	188
17547at4891	0	25	250
27342at4891	0	19	189
23077at4891	0	23	182
6566at4891	0	52	517
32137at4891	0	23	230
10591at4891	0	42	416
170at4891	0	158	1583
25615at4891	0	19	180
30714at4891	0	18	183
5523at4891	0	77	766
1497at4891	0	109	1085
5443at4891	0	42	419
7896at4891	0	42	419
35117at4891	0	13	127
17869at4891	0	33	326
21145at4891	0	28	281
18553at4891	0	32	317
41799at4891	0	7	74
30033at4891	0	18	178
22040at4891	0	30	293
36350at4891	0	11	113
7364at4891	0	66	661
11823at4891	0	34	337
26895at4891	0	22	221
11530at4891	0	35	346
7925at4891	0	37	369
29886at4891	0	37	256
28165at4891	0	34	323
7920at4891	0	38	379
10743at4891	0	59	468
26588at4891	0	19	189
38648at4891	0	11	106
6151at4891	0	55	546
10256at4891	0	36	364
31052at4891	0	18	142
31115at4891	0	13	124
6172at4891	0	47	474
29455at4891	0	14	141
33577at4891	0	40	401
12175at4891	0	47	470
7956at4891	0	38	376
38748at4891	0	16	161
39072at4891	0	10	104
5371at4891	0	27	270
36407at4891	0	41	414
25101at4891	0	21	210
36716at4891	0	13	130
19275at4891	0	26	261
24095at4891	0	45	314
3223at4891	0	46	462
3190at4891	0	132	559
10649at4891	0	31	313
9609at4891	0	47	468
3385at4891	0	49	487
36627at4891	0	12	119
29601at4891	0	39	202
6753at4891	0	39	392
22375at4891	0	35	350
26145at4891	0	16	163
5148at4891	0	43	434
32845at4891	0	17	129
26458at4891	0	15	148
1088at4891	0	82	819
14122at4891	0	42	410
19696at4891	0	33	293
12450at4891	0	26	258
11568at4891	0	26	259
24098at4891	0	26	264
7208at4891	0	32	321
6044at4891	0	57	567
38560at4891	0	8	82
27141at4891	0	29	204
4373at4891	0	73	732
3404at4891	0	42	356
13859at4891	0	71	713
33993at4891	0	10	104
20893at4891	0	28	279
7349at4891	0	72	448
30515at4891	0	15	142
10963at4891	0	31	309
960at4891	0	89	889
17192at4891	0	38	378
35504at4891	0	12	119
3494at4891	0	36	361
35139at4891	0	11	111
14055at4891	0	27	265
35669at4891	0	13	126
35513at4891	0	11	107
21470at4891	0	22	215
2534at4891	0	63	630
30423at4891	0	42	422
18882at4891	0	28	264
145at4891	0	125	1247
12256at4891	0	62	619
16464at4891	0	60	497
7030at4891	0	60	600
19731at4891	0	28	280
9767at4891	0	47	320
40316at4891	0	8	77
39494at4891	0	11	113
9420at4891	0	36	364
25937at4891	0	21	207
38821at4891	0	11	113
19942at4891	0	42	332
29735at4891	0	14	142
2053at4891	0	63	632
23723at4891	0	20	203
23392at4891	0	24	233
39520at4891	0	9	94
17074at4891	0	30	295
2040at4891	0	94	695
3764at4891	0	61	614
7446at4891	0	42	418
33220at4891	0	10	95
20202at4891	0	27	274
34113at4891	0	51	344
29887at4891	0	21	206
17516at4891	0	26	264
5651at4891	0	39	391
28982at4891	0	20	197
33197at4891	0	14	140
25563at4891	0	23	234
37231at4891	0	15	145
17898at4891	0	41	284
41431at4891	0	20	88
27291at4891	0	23	233
26272at4891	0	17	167
15960at4891	0	26	258
11876at4891	0	34	344
35318at4891	0	10	99
29574at4891	0	20	178
23197at4891	0	20	199
5557at4891	0	37	374
569at4891	0	84	841
31398at4891	0	14	135
31636at4891	0	15	146
35760at4891	0	13	125
2052at4891	0	97	929
25236at4891	0	20	200
36839at4891	0	63	265
14710at4891	0	38	377
1495at4891	0	68	678
17330at4891	0	22	218
18356at4891	0	21	209
5850at4891	0	37	366
2432at4891	0	64	635
4400at4891	0	59	587
16713at4891	0	31	309
4484at4891	0	51	506
34291at4891	0	16	159
15496at4891	0	37	373
4326at4891	0	69	692
7086at4891	0	31	306
30597at4891	0	15	147
9457at4891	0	72	498
1625at4891	0	75	746
7523at4891	0	62	533
6448at4891	0	43	425
6364at4891	0	58	524
6506at4891	0	54	543
6820at4891	0	41	411
20191at4891	0	20	201
1609at4891	0	112	998
26689at4891	0	25	246
33646at4891	0	23	225
21766at4891	0	24	236
23380at4891	0	22	223
2008at4891	0	65	653
6637at4891	0	44	435
16163at4891	0	30	301
18264at4891	0	27	274
14335at4891	0	36	363
28709at4891	0	17	174
4561at4891	0	54	539
1452at4891	0	84	844
20333at4891	0	29	289
29170at4891	0	14	139
1597at4891	0	71	711
9633at4891	0	42	417
26792at4891	0	16	156
33683at4891	0	22	154
4037at4891	0	44	438
3484at4891	0	64	636
1483at4891	0	65	569
33025at4891	0	19	189
38822at4891	0	22	115
6961at4891	0	70	702
20595at4891	0	26	262
35907at4891	0	38	375
23747at4891	0	26	197
6641at4891	0	108	592
32012at4891	0	19	191
31397at4891	0	13	134
9039at4891	0	35	353
5815at4891	0	52	522
23784at4891	0	17	169
21467at4891	0	23	232
24421at4891	0	17	168
21678at4891	0	24	185
13721at4891	0	32	323
23265at4891	0	34	344
31067at4891	0	25	227
31569at4891	0	13	127
34235at4891	0	14	136
23739at4891	0	20	113
6891at4891	0	47	474
12111at4891	0	30	301
2851at4891	0	60	602
15442at4891	0	34	343
2456at4891	0	53	525
12732at4891	0	32	306
630at4891	0	139	1252
39786at4891	0	8	81
11851at4891	0	58	465
19965at4891	0	27	272
28415at4891	0	25	195
11350at4891	0	79	535
18118at4891	0	51	253
21089at4891	0	55	552
1653at4891	0	64	635
31961at4891	0	21	207
25673at4891	0	32	253
31218at4891	0	21	209
7579at4891	0	45	446
33503at4891	0	29	182
6917at4891	0	42	422
2754at4891	0	54	540
34449at4891	0	21	206
2167at4891	0	74	741
3680at4891	0	51	506
8023at4891	0	43	433
31700at4891	0	13	129
18523at4891	0	31	308
7758at4891	0	39	389
5791at4891	0	45	447
1186at4891	0	87	873
39485at4891	0	10	98
26448at4891	0	48	484
15876at4891	0	42	303
19758at4891	0	24	239
31659at4891	0	22	219
36650at4891	0	9	93
23386at4891	0	28	207
2485at4891	0	60	595
28787at4891	0	19	194
707at4891	0	44	266
5966at4891	0	42	422
4850at4891	0	50	496
28495at4891	0	28	283
30313at4891	0	26	256
7923at4891	0	32	317
9897at4891	0	44	443
27435at4891	0	18	175
35082at4891	0	20	200
519at4891	0	193	1711
22104at4891	0	47	472
11037at4891	0	36	360
27339at4891	0	17	166
26394at4891	0	39	252
32000at4891	0	15	150
6558at4891	0	80	499
26130at4891	0	26	257
24120at4891	0	17	167
33317at4891	0	22	175
19774at4891	0	25	248
13923at4891	0	27	268
19393at4891	0	34	340
10332at4891	0	43	386
33522at4891	0	12	123
14212at4891	0	31	312
37677at4891	0	14	138
13973at4891	0	29	290
38710at4891	0	8	77
1378at4891	0	83	828
16849at4891	0	28	252
34531at4891	0	16	163
27209at4891	0	46	456
7201at4891	0	30	301
1807at4891	0	79	583
17826at4891	0	31	310
5053at4891	0	58	576
25269at4891	0	18	176
1372at4891	0	88	879
29021at4891	0	16	161
37443at4891	0	23	233
39731at4891	0	10	102
28089at4891	0	29	288
26633at4891	0	22	174
28463at4891	0	16	130
4022at4891	0	36	356
9267at4891	0	38	384
14024at4891	0	38	377
37540at4891	0	29	286
16921at4891	0	47	208
40855at4891	0	16	160
7296at4891	0	43	428
38697at4891	0	23	226
11978at4891	0	40	403
25170at4891	0	35	348
35823at4891	0	12	98
27915at4891	0	37	345
32235at4891	0	18	175
37075at4891	0	16	148
31408at4891	0	17	169
36239at4891	0	27	207
28849at4891	0	27	267
21260at4891	0	31	298
38969at4891	0	9	90
26165at4891	0	22	221
34069at4891	0	16	160
15588at4891	0	25	247
24271at4891	0	29	293
5096at4891	0	51	509
32508at4891	0	16	157
16618at4891	0	83	829
19416at4891	0	24	207
16482at4891	0	31	312
8998at4891	0	29	293
21707at4891	0	46	292
12973at4891	0	35	349
9784at4891	0	37	370
29145at4891	0	23	189
8274at4891	0	41	412
12169at4891	0	43	433
3320at4891	0	96	961
3824at4891	0	56	556
23913at4891	0	27	270
14594at4891	0	27	266
6539at4891	0	44	437
9846at4891	0	40	395
18954at4891	0	28	215
15589at4891	0	28	281
18035at4891	0	39	304
11034at4891	0	32	322
23973at4891	0	18	175
2515at4891	0	63	627
4036at4891	0	62	450
1774at4891	0	68	676
22342at4891	0	65	354
2990at4891	0	91	567
16358at4891	0	22	223
37216at4891	0	10	100
15328at4891	0	49	491
3141at4891	0	54	542
41101at4891	0	21	155
15557at4891	0	35	347
20998at4891	0	24	237
17005at4891	0	40	399
7917at4891	0	47	324
419at4891	0	105	1049
5844at4891	0	47	468
21962at4891	0	25	246
16825at4891	0	39	386
25768at4891	0	22	215
30667at4891	0	19	178
20260at4891	0	23	231
695at4891	0	90	895
1006at4891	0	88	882
27927at4891	0	20	161
10695at4891	0	40	403
16918at4891	0	46	455
578at4891	0	94	925
17872at4891	0	31	275
35699at4891	0	25	250
18806at4891	0	25	245
21910at4891	0	20	195
23591at4891	0	18	182
5624at4891	0	56	561
4316at4891	0	57	423
27845at4891	0	33	330
36885at4891	0	13	132
33397at4891	0	32	239
3606at4891	0	51	510
13280at4891	0	109	1044
721at4891	0	85	852
38257at4891	0	26	238
2724at4891	0	59	588
95at4891	0	177	1769
31544at4891	0	33	331
37187at4891	0	21	209
32812at4891	0	12	123
15710at4891	0	34	306
28180at4891	0	23	234
17976at4891	0	30	300
33557at4891	0	27	267
33075at4891	0	24	237
41866at4891	0	18	157
9476at4891	0	46	458
31657at4891	0	13	125
32475at4891	0	57	230
21019at4891	0	28	278
38164at4891	0	9	85
12502at4891	0	34	335
1936at4891	0	58	584
23029at4891	0	23	233
25948at4891	0	17	168
2499at4891	0	70	698
25386at4891	0	17	170
37978at4891	0	9	90
3892at4891	0	58	512
34017at4891	0	17	174
26134at4891	0	48	476
8285at4891	0	46	456
4281at4891	0	52	524
93at4891	0	155	1554
14133at4891	0	51	510
25281at4891	0	22	224
24928at4891	0	23	230
9513at4891	0	45	446
28105at4891	0	18	160
32220at4891	0	14	140
38279at4891	0	12	70
18808at4891	0	21	208
662at4891	0	161	865
33429at4891	0	17	174
40449at4891	0	8	81
38355at4891	0	16	160
19854at4891	0	28	275
20201at4891	0	23	234
31256at4891	0	13	128
32238at4891	0	20	195
18616at4891	0	36	357
31360at4891	0	26	195
28331at4891	0	15	154
21543at4891	0	18	175
17147at4891	0	36	361
31321at4891	0	14	135
32745at4891	0	30	158
38461at4891	0	12	123
18829at4891	0	29	291
40036at4891	0	22	222
9096at4891	0	40	404
4356at4891	0	50	498
2413at4891	0	41	407
6336at4891	0	47	467
27981at4891	0	17	169
4591at4891	0	67	667
26222at4891	0	47	469
2611at4891	0	74	735
20197at4891	0	24	238
1655at4891	0	70	703
3845at4891	0	72	715
31994at4891	0	12	115
693at4891	0	85	845
4263at4891	0	71	547
10872at4891	0	41	412
16845at4891	0	29	287
4609at4891	0	60	602
39582at4891	0	11	113
30603at4891	0	16	162
42at4891	0	179	1785
9223at4891	0	43	431
31692at4891	0	17	169
8344at4891	0	66	379
10497at4891	0	38	296
23175at4891	0	22	215
21612at4891	0	44	307
13347at4891	0	29	290
42720at4891	0	13	127
33356at4891	0	17	167
25196at4891	0	43	431
14235at4891	0	85	332
29936at4891	0	23	233
13964at4891	0	47	467
27570at4891	0	19	194
32823at4891	0	10	96
6788at4891	0	41	405
25254at4891	0	26	262
18790at4891	0	32	322
32367at4891	0	14	144
38055at4891	0	17	174
24646at4891	0	23	234
40331at4891	0	9	85
31879at4891	0	17	171
22884at4891	0	31	310
30348at4891	0	20	164
32986at4891	0	36	201
7966at4891	0	38	381
5755at4891	0	55	548
22293at4891	0	24	235
26056at4891	0	21	206
12349at4891	0	26	260
16929at4891	0	24	241
20242at4891	0	31	307
36796at4891	0	18	108
22221at4891	0	18	139
30413at4891	0	39	177
37274at4891	0	11	108
30090at4891	0	21	205
29504at4891	0	17	126
4466at4891	0	736	2452
39270at4891	0	26	144
30675at4891	0	26	153
18141at4891	0	40	310
34294at4891	0	23	91
4402at4891	0	52	445
746at4891	0	89	730
26336at4891	0	17	166
21160at4891	0	24	240
9294at4891	0	38	378
20285at4891	0	33	330
24559at4891	0	25	192
245at4891	0	133	1332
1266at4891	0	79	785
14584at4891	0	29	289
26018at4891	0	17	173
12956at4891	0	56	351
28396at4891	0	21	208
30149at4891	0	18	178
21450at4891	0	18	182
41587at4891	0	18	179
7009at4891	0	56	564
10626at4891	0	43	430
36258at4891	0	10	100
9466at4891	0	39	393
22775at4891	0	26	261
29650at4891	0	23	231
14832at4891	0	39	388
28907at4891	0	24	239
31342at4891	0	13	114
22516at4891	0	25	246
3853at4891	0	83	832
39894at4891	0	14	80
16576at4891	0	25	251
37906at4891	0	44	285
32712at4891	0	19	146
22450at4891	0	27	267
13102at4891	0	33	326
16809at4891	0	26	255
22637at4891	0	30	299
26399at4891	0	135	687
36529at4891	0	16	161
3395at4891	0	41	408
8084at4891	0	60	512
24892at4891	0	47	471
20735at4891	0	25	206
28314at4891	0	28	174
40576at4891	0	21	150
31855at4891	0	40	222
21022at4891	0	18	178
7410at4891	0	45	406
24143at4891	0	26	261
4322at4891	0	83	636
30691at4891	0	13	125
22645at4891	0	38	301
29906at4891	0	15	146
8224at4891	0	40	399
40701at4891	0	11	110
21169at4891	0	31	256
23912at4891	0	20	200
27389at4891	0	18	179
27769at4891	0	15	148
39612at4891	0	17	124
40564at4891	0	11	107
9757at4891	0	63	625
10861at4891	0	61	402
13757at4891	0	54	542
11107at4891	0	32	316
40770at4891	0	23	134
32898at4891	0	15	150
19456at4891	0	30	296
12635at4891	0	46	461
29552at4891	0	17	174
25195at4891	0	22	223
13320at4891	0	29	287
10618at4891	0	27	266
16924at4891	0	29	289
16975at4891	0	28	282
3331at4891	0	63	633
35062at4891	0	10	100
35584at4891	0	10	101
12684at4891	0	40	399
36787at4891	0	9	94
6249at4891	0	44	440
38019at4891	0	26	208
6748at4891	0	43	432
5879at4891	0	54	538
8596at4891	0	33	327
36186at4891	0	22	223
35426at4891	0	23	148
15470at4891	0	28	283
14580at4891	0	29	289
3773at4891	0	50	495
30846at4891	0	15	150
6010at4891	0	99	573
12541at4891	0	39	386
29978at4891	0	18	179
14766at4891	0	26	262
2862at4891	0	69	686
18807at4891	0	26	264
28072at4891	0	28	279
20755at4891	0	23	225
24240at4891	0	19	188
13806at4891	0	57	423
25824at4891	0	19	187
5823at4891	0	52	520
722at4891	0	97	971
12560at4891	0	37	365
30370at4891	0	11	114
30599at4891	0	17	166
31633at4891	0	14	136
19532at4891	0	44	381
36248at4891	0	10	96
41036at4891	0	10	93
29089at4891	0	13	126
36573at4891	0	9	86
6439at4891	0	48	478
6549at4891	0	33	334
16056at4891	0	122	688
36033at4891	0	28	279
27370at4891	0	60	423
29286at4891	0	29	192
4259at4891	0	65	650
12487at4891	0	31	307
469at4891	0	84	835
39975at4891	0	8	78
38146at4891	0	7	67
24621at4891	0	27	272
32901at4891	0	30	300
8471at4891	0	33	330
17410at4891	0	25	250
39538at4891	0	6	59
17339at4891	0	19	191
17318at4891	0	75	491
22821at4891	0	22	217
22352at4891	0	55	553
9322at4891	0	41	410
1243at4891	0	82	824
36821at4891	0	12	117
39295at4891	0	34	266
26789at4891	0	24	239
30524at4891	0	21	207
14574at4891	0	54	540
11940at4891	0	50	502
1642at4891	0	91	536
8487at4891	0	40	314
33718at4891	0	8	77
38555at4891	0	8	83
19016at4891	0	31	307
4082at4891	0	70	696
3426at4891	0	47	466
34037at4891	0	15	148
30088at4891	0	33	329
24461at4891	0	22	219
1011at4891	0	95	951
27755at4891	0	18	178
30857at4891	0	15	151
39726at4891	0	8	83
300at4891	0	88	881
20323at4891	0	24	239
17077at4891	0	27	265
5710at4891	0	52	524
13029at4891	0	42	418
32346at4891	0	24	243
33004at4891	0	40	313
35506at4891	0	10	91
10684at4891	0	36	359
9922at4891	0	28	198
33351at4891	0	17	166
17889at4891	0	27	267
845at4891	0	103	978
32761at4891	0	29	292
7092at4891	0	45	445
5986at4891	0	39	387
24207at4891	0	16	143
39392at4891	0	9	94
39593at4891	0	17	108
6800at4891	0	66	659
21940at4891	0	32	318
8686at4891	0	34	340
2138at4891	0	46	456
11379at4891	0	79	500
27561at4891	0	32	321
24230at4891	0	35	348
28690at4891	0	16	164
8466at4891	0	45	407
14247at4891	0	31	314
17406at4891	0	25	245
8543at4891	0	74	709
22313at4891	0	25	251
16399at4891	0	28	280
16176at4891	0	26	264
34824at4891	0	8	75
33809at4891	0	12	115
12717at4891	0	31	311
1391at4891	0	115	1151
14380at4891	0	31	310
30662at4891	0	11	108
12947at4891	0	31	308
17912at4891	0	29	287
13106at4891	0	33	326
15516at4891	0	31	308
15839at4891	0	42	416
28217at4891	0	21	207
39993at4891	0	9	76
9921at4891	0	38	381
25713at4891	0	21	205
34512at4891	0	13	129
17759at4891	0	20	197
35328at4891	0	10	96
1906at4891	0	61	608
38792at4891	0	11	109
9152at4891	0	43	430
32172at4891	0	18	178
32081at4891	0	24	241
12225at4891	0	76	757
10646at4891	0	33	331
24838at4891	0	26	255
22380at4891	0	61	437
37574at4891	0	21	206
15475at4891	0	25	247
8584at4891	0	30	302
13235at4891	0	32	324
15697at4891	0	37	182
27048at4891	0	31	305
40342at4891	0	11	104
42234at4891	0	9	86
10279at4891	0	41	412
7982at4891	0	60	599
515at4891	0	99	927
13507at4891	0	25	252
30295at4891	0	14	144
40497at4891	0	9	91
6658at4891	0	77	584
26506at4891	0	15	145
13862at4891	0	51	408
8044at4891	0	39	389
28784at4891	0	22	221
25295at4891	0	18	170
27496at4891	0	19	188
28953at4891	0	21	165
39098at4891	0	23	177
27724at4891	0	26	257
2373at4891	0	43	429
12728at4891	0	36	363
35459at4891	0	11	105
22419at4891	0	28	279
31405at4891	0	11	111
11184at4891	0	40	402
30029at4891	0	15	149
17919at4891	0	28	283
25148at4891	0	20	196
32213at4891	0	15	149
35478at4891	0	16	164
34470at4891	0	15	148
31722at4891	0	26	226
25396at4891	0	21	177
8010at4891	0	40	396
2793at4891	0	57	571
2020at4891	0	85	848
27753at4891	0	34	338
20608at4891	0	24	241
20778at4891	0	26	259
34763at4891	0	12	118
21428at4891	0	56	559
40039at4891	0	20	140
31701at4891	0	14	141
18405at4891	0	26	256
19226at4891	0	26	256
18919at4891	0	30	304
30371at4891	0	34	221
27703at4891	0	14	140
22807at4891	0	22	215
10719at4891	0	42	254
2893at4891	0	82	824
631at4891	0	93	931
85at4891	0	234	1810
25808at4891	0	17	167
1760at4891	0	59	592
9258at4891	0	59	586
24305at4891	0	61	611
14562at4891	0	47	380
7011at4891	0	41	412
2307at4891	0	66	660
28641at4891	0	18	176
19258at4891	0	24	236
13820at4891	0	30	297
5926at4891	0	44	437
23894at4891	0	26	257
34458at4891	0	9	87
15088at4891	0	37	367
11745at4891	0	32	323
23635at4891	0	20	201
13259at4891	0	73	727
11039at4891	0	28	283
20382at4891	0	31	305
5563at4891	0	48	479
11444at4891	0	38	380
25329at4891	0	47	345
18887at4891	0	34	336
18913at4891	0	32	324
28468at4891	0	25	142
6915at4891	0	49	490
32228at4891	0	16	161
25079at4891	0	17	167
12347at4891	0	61	605
37332at4891	0	15	92
17189at4891	0	38	384
6552at4891	0	87	450
11469at4891	0	31	310
17785at4891	0	35	348
23340at4891	0	33	219
7127at4891	0	32	307
25646at4891	0	22	218
2161at4891	0	69	694
32329at4891	0	19	186
32341at4891	0	23	194
10341at4891	0	54	516
11625at4891	0	33	325
2048at4891	0	87	867
23884at4891	0	22	222
10608at4891	0	34	339
22615at4891	0	21	208
37378at4891	0	12	121
730at4891	0	85	846
5534at4891	0	52	407
16157at4891	0	26	260
28032at4891	0	41	336
33763at4891	0	9	87
35165at4891	0	13	129
33122at4891	0	12	115
14147at4891	0	32	324
1970at4891	0	43	432
27940at4891	0	17	174
20734at4891	0	26	255
26005at4891	0	21	207
24398at4891	0	42	415
14625at4891	0	26	184
37840at4891	0	14	144
32005at4891	0	14	135
17604at4891	0	28	280
13909at4891	0	38	377
5475at4891	0	54	536
39065at4891	0	6	61
8903at4891	0	39	389
29630at4891	0	14	144
23253at4891	0	31	313
38465at4891	0	12	68
10854at4891	0	32	323
29332at4891	0	18	182
1120at4891	0	84	726
16106at4891	0	26	260
23699at4891	0	29	241
414at4891	0	119	1189
8134at4891	0	64	637
30446at4891	0	16	156
4348at4891	0	65	478
37889at4891	0	16	133
38051at4891	0	9	94
39983at4891	0	8	84
22236at4891	0	34	300
23339at4891	0	34	339
29963at4891	0	55	552
31476at4891	0	16	158
16297at4891	0	36	359
3049at4891	0	61	610
21732at4891	0	24	239
4206at4891	0	74	742
2368at4891	0	71	707
11780at4891	0	31	312
41774at4891	0	9	93
29329at4891	0	13	133
26725at4891	0	14	138
11365at4891	0	36	256
14015at4891	0	23	232
16151at4891	0	44	441
20960at4891	0	26	257
23089at4891	0	26	261
369at4891	0	96	886
12469at4891	0	37	374
12837at4891	0	35	352
32856at4891	0	19	176
35950at4891	0	16	162
4279at4891	0	53	387
5847at4891	0	34	339
31995at4891	0	15	151
28717at4891	0	22	219
21752at4891	0	23	225
12562at4891	0	41	409
34514at4891	0	11	111
4545at4891	0	69	693
29515at4891	0	18	183
7031at4891	0	64	636
38727at4891	0	8	81
28379at4891	0	18	179
28029at4891	0	16	155
6740at4891	0	91	908
4490at4891	0	53	530
30706at4891	0	18	183
1221at4891	0	75	745
29876at4891	0	16	162
4350at4891	0	67	667
18042at4891	0	29	294
26624at4891	0	20	204
39556at4891	0	13	132
23560at4891	0	46	265
26542at4891	0	21	214
26329at4891	0	25	253
10450at4891	0	48	475
2618at4891	0	86	860
443at4891	0	83	831
13776at4891	0	40	395
33842at4891	0	22	217
21604at4891	0	36	363
38816at4891	0	20	119
26931at4891	0	25	170
22833at4891	0	32	233
34138at4891	0	17	167
34839at4891	0	15	118
16722at4891	0	30	299
5502at4891	0	65	382
12025at4891	0	65	415
14345at4891	0	29	290
16810at4891	0	28	278
6242at4891	0	129	436
12258at4891	0	35	346
16088at4891	0	34	337
227at4891	0	146	1455
32490at4891	0	16	158
2483at4891	0	60	603
30604at4891	0	26	153
36328at4891	0	14	136
18437at4891	0	30	303
5280at4891	0	47	468
3088at4891	0	59	589
13807at4891	0	106	849
9995at4891	0	37	367
20921at4891	0	23	231
14486at4891	0	62	615
19057at4891	0	32	324
24034at4891	0	23	232
35771at4891	0	10	100
19373at4891	0	22	219
20173at4891	0	51	505
28579at4891	0	17	167
16010at4891	0	25	250
1491at4891	0	87	869
26885at4891	0	20	203
12332at4891	0	36	358
5905at4891	0	46	461
2784at4891	0	59	588
29276at4891	0	27	170
20766at4891	0	29	287
4513at4891	0	68	681
34595at4891	0	17	165
455at4891	0	98	979
9950at4891	0	40	395
40939at4891	0	11	109
4544at4891	0	62	620
15784at4891	0	33	326
31685at4891	0	17	165
28663at4891	0	32	156
15179at4891	0	32	319
27092at4891	0	20	196
21629at4891	0	22	156
19858at4891	0	45	219
10670at4891	0	32	315
19545at4891	0	30	295
26297at4891	0	49	194
20367at4891	0	29	277
32672at4891	0	11	109
26617at4891	0	19	191
13733at4891	0	33	334
13777at4891	0	35	351
38759at4891	0	22	189
25527at4891	0	24	235
25014at4891	0	19	193
7514at4891	0	36	360
36572at4891	0	9	92
2459at4891	0	85	846
14416at4891	0	47	467
37668at4891	0	9	87
19999at4891	0	19	190
20461at4891	0	39	311
17188at4891	0	35	352
38101at4891	0	10	100
11796at4891	0	55	298
35223at4891	0	8	79
20606at4891	0	32	315
27869at4891	0	17	173
9724at4891	0	50	502
21825at4891	0	22	217
6508at4891	0	36	358
35160at4891	0	15	147
31295at4891	0	13	119
7263at4891	0	70	460
40964at4891	0	18	178
28239at4891	0	24	175
32134at4891	0	19	187
15208at4891	0	33	333
19663at4891	0	34	339
5370at4891	0	41	409
22513at4891	0	24	235
9509at4891	0	39	363
29729at4891	0	27	274
1679at4891	0	78	784
38891at4891	0	7	74
37305at4891	0	30	162
35193at4891	0	20	202
12794at4891	0	37	371
29132at4891	0	14	136
24588at4891	0	38	263
37133at4891	0	9	94
7589at4891	0	44	444
38422at4891	0	21	169
21981at4891	0	27	268
24629at4891	0	22	212
21227at4891	0	22	224
4581at4891	0	53	527
13051at4891	0	28	281
28115at4891	0	22	215
30642at4891	0	32	316
30529at4891	0	33	239
8551at4891	0	50	377
22190at4891	0	33	334
2706at4891	0	68	510
25050at4891	0	27	273
27535at4891	0	15	151
17426at4891	0	14	135
425at4891	0	97	969
19777at4891	0	22	218
10189at4891	0	41	408
22870at4891	0	21	209
50at4891	0	249	1725
5314at4891	0	61	613
7062at4891	0	43	431
14020at4891	0	46	381
28227at4891	0	24	244
18893at4891	0	22	222
9680at4891	0	46	459
20539at4891	0	28	283
35877at4891	0	22	220
6427at4891	0	51	459
20141at4891	0	26	255
14374at4891	0	26	263
18510at4891	0	25	246
2564at4891	0	77	673
27816at4891	0	20	200
5478at4891	0	46	460
3548at4891	0	57	572
22625at4891	0	24	237
23588at4891	0	58	445
1667at4891	0	74	740
1627at4891	0	82	823
31429at4891	0	38	254
17542at4891	0	33	331
6633at4891	0	46	460
7621at4891	0	40	398
10660at4891	0	73	416
14513at4891	0	29	290
17203at4891	0	27	269
14551at4891	0	27	265
36731at4891	0	17	167
4496at4891	0	44	440
27431at4891	0	25	177
26055at4891	0	18	182
40378at4891	0	50	225
5457at4891	0	53	529
30572at4891	0	29	287
12044at4891	0	21	206
20074at4891	0	39	279
20170at4891	0	35	350
18221at4891	0	30	302
12381at4891	0	30	303
4360at4891	0	46	464
24162at4891	0	54	436
13765at4891	0	34	343
38787at4891	0	7	74
3472at4891	0	49	493
2010at4891	0	64	637
23312at4891	0	28	284
31406at4891	0	17	168
18135at4891	0	29	286
14308at4891	0	32	315
31712at4891	0	14	139
16542at4891	0	48	481
6943at4891	0	37	365
10361at4891	0	45	336
535at4891	0	83	831
1228at4891	0	201	965
25405at4891	0	21	187
31261at4891	0	13	133
10174at4891	0	41	398
1547at4891	0	74	738
28996at4891	0	15	148
32529at4891	0	30	300
32004at4891	0	17	166
3981at4891	0	27	240
21431at4891	0	45	452
11866at4891	0	47	474
23379at4891	0	18	182
3959at4891	0	85	478
39598at4891	0	10	97
11448at4891	0	32	320
3577at4891	0	52	515
2905at4891	0	48	478
26320at4891	0	26	218
31017at4891	0	14	136
39321at4891	0	7	72
13150at4891	0	27	242
36968at4891	0	20	100
6387at4891	0	46	459
20206at4891	0	20	199
35931at4891	0	11	113
28724at4891	0	20	201
25501at4891	0	34	337
13703at4891	0	37	369
31011at4891	0	23	211
27676at4891	0	24	235
22429at4891	0	33	330
39239at4891	0	12	120
9816at4891	0	28	280
10342at4891	0	71	710
11009at4891	0	34	341
17066at4891	0	32	279
39763at4891	0	23	185
14069at4891	0	32	321
14503at4891	0	45	446
9821at4891	0	36	357
7059at4891	0	43	427
12254at4891	0	31	307
32984at4891	0	27	270
364at4891	0	145	1195
37625at4891	0	17	166
34109at4891	0	38	216
2898at4891	0	63	633
40161at4891	0	6	64
8759at4891	0	30	298
10727at4891	0	40	316
18793at4891	0	30	299
3096at4891	0	57	521
7722at4891	0	35	352
13241at4891	0	52	515
12134at4891	0	69	691
13112at4891	0	28	282
5530at4891	0	45	451
36167at4891	0	20	196
1283at4891	0	98	975
28236at4891	0	28	235
468at4891	0	98	982
29979at4891	0	13	134
11279at4891	0	32	319
19161at4891	0	56	450
7218at4891	0	43	428
16797at4891	0	26	255
2193at4891	0	75	753
34739at4891	0	25	187
27104at4891	0	33	326
11838at4891	0	40	395
28703at4891	0	16	162
32312at4891	0	45	367
31718at4891	0	30	299
9553at4891	0	37	371
16204at4891	0	20	202
5832at4891	0	71	705
40986at4891	0	21	114
39283at4891	0	20	119
33118at4891	0	11	112
8689at4891	0	29	289
16352at4891	0	32	320
38671at4891	0	7	69
19235at4891	0	27	268
10619at4891	0	36	363
37639at4891	0	22	216
21396at4891	0	30	295
22443at4891	0	27	265
38532at4891	0	14	143
33944at4891	0	12	122
13383at4891	0	65	595
26166at4891	0	17	172
6431at4891	0	98	666
528at4891	0	104	1035
29501at4891	0	16	163
665at4891	0	99	989
5324at4891	0	54	542
10138at4891	0	26	256
22930at4891	0	29	286
8978at4891	0	44	443
33608at4891	0	99	600
41002at4891	0	9	82
10638at4891	0	31	312
4939at4891	0	52	515
8065at4891	0	34	329
18694at4891	0	26	261
38811at4891	0	7	72
33603at4891	0	13	126
9436at4891	0	38	378
3593at4891	0	59	590
35518at4891	0	11	113
869at4891	0	86	856
5553at4891	0	55	549
28442at4891	0	17	165
7491at4891	0	45	450
39372at4891	0	48	268
28745at4891	0	29	272
10896at4891	0	25	248
8178at4891	0	38	382
4972at4891	0	49	490
24318at4891	0	21	211
29732at4891	0	30	299
1392at4891	0	65	653
35333at4891	0	10	104
8205at4891	0	50	438
6770at4891	0	36	330
331at4891	0	174	1232
13164at4891	0	30	300
33647at4891	0	15	84
37136at4891	0	8	83
9157at4891	0	67	435
2994at4891	0	65	652
34170at4891	0	15	132
33198at4891	0	13	132
8179at4891	0	31	313
1037at4891	0	94	938
32632at4891	0	38	380
24376at4891	0	22	224
21977at4891	0	26	260
14843at4891	0	36	338
31367at4891	0	39	215
9948at4891	0	46	460
12307at4891	0	38	330
12523at4891	0	29	285
26684at4891	0	19	185
29457at4891	0	20	168
36646at4891	0	19	189
4125at4891	0	43	434
7422at4891	0	45	446
7721at4891	0	37	368
28212at4891	0	19	189
12292at4891	0	47	466
34715at4891	0	42	242
9782at4891	0	30	302
5956at4891	0	48	479
8550at4891	0	46	458
25484at4891	0	15	149
25506at4891	0	22	167
5587at4891	0	74	742
24077at4891	0	39	262
8097at4891	0	122	500
38028at4891	0	12	120
514at4891	0	166	1280
3360at4891	0	95	737
2976at4891	0	58	583
25180at4891	0	23	232
42330at4891	0	6	58
982at4891	0	74	740
37965at4891	0	30	300
14430at4891	0	65	429
23222at4891	0	22	217
34600at4891	0	13	123
14552at4891	0	31	306
25116at4891	0	37	373
6208at4891	0	50	503
3544at4891	0	62	622
31637at4891	0	15	154
3574at4891	0	150	911
37925at4891	0	13	125
11569at4891	0	37	368
29708at4891	0	17	170
27505at4891	0	19	179
2171at4891	0	62	621
32226at4891	0	32	231
22023at4891	0	27	270
36980at4891	0	12	116
5746at4891	0	50	500
33264at4891	0	15	149
2531at4891	0	50	500
21346at4891	0	22	223
6341at4891	0	51	510
3802at4891	0	60	603
40685at4891	0	6	57
4680at4891	0	63	632
34052at4891	0	11	110
35750at4891	0	11	108
36899at4891	0	20	144
863at4891	0	85	851
25406at4891	0	25	246
12664at4891	0	37	367
11330at4891	0	42	415
38133at4891	0	6	55
3050at4891	0	58	581
37340at4891	0	23	230
20072at4891	0	36	361
24785at4891	0	27	267
18389at4891	0	25	240
34589at4891	0	15	146
3849at4891	0	45	447
33753at4891	0	11	114
21297at4891	0	23	229
7432at4891	0	43	428
12737at4891	0	33	326
37593at4891	0	29	285
39725at4891	0	21	134
22298at4891	0	23	225
28769at4891	0	14	138
12308at4891	0	49	485
1099at4891	0	74	744
25147at4891	0	22	187
3388at4891	0	47	469
15914at4891	0	29	288
21192at4891	0	23	233
25078at4891	0	20	197
31926at4891	0	16	162
11201at4891	0	35	345
34547at4891	0	25	182
21590at4891	0	26	255
27140at4891	0	33	276
15299at4891	0	27	269
36485at4891	0	16	156
2421at4891	0	61	598
5578at4891	0	49	490
37483at4891	0	15	151
8568at4891	0	35	354
18573at4891	0	26	255
9655at4891	0	92	447
17752at4891	0	27	267
35020at4891	0	16	156
19362at4891	0	41	399
29657at4891	0	29	285
13293at4891	0	28	283
17607at4891	0	21	162
27998at4891	0	21	214
39333at4891	0	12	118
12629at4891	0	37	369
30108at4891	0	21	210
21996at4891	0	18	178
14309at4891	0	31	309
18812at4891	0	23	234
1979at4891	0	35	348
23590at4891	0	91	302
14746at4891	0	36	360
33444at4891	0	19	163
5963at4891	0	50	498
22335at4891	0	14	110
25118at4891	0	29	254
34849at4891	0	12	124
37786at4891	0	13	133
18324at4891	0	30	300
6711at4891	0	52	313
26634at4891	0	21	207
2568at4891	0	68	679
24329at4891	0	22	164
5351at4891	0	64	486
10968at4891	0	37	369
4017at4891	0	53	528
15000at4891	0	34	343
40958at4891	0	7	74
17975at4891	0	30	297
23410at4891	0	34	269
8758at4891	0	36	362
34345at4891	0	14	135
24693at4891	0	20	200
22266at4891	0	23	228
16305at4891	0	31	298
24249at4891	0	16	154
34307at4891	0	12	120
30456at4891	0	17	170
36195at4891	0	19	145
37696at4891	0	11	105
676at4891	0	95	946
22304at4891	0	25	254
34922at4891	0	10	101
26614at4891	0	65	654
30869at4891	0	20	203
33057at4891	0	16	163
29179at4891	0	17	174
10201at4891	0	43	432
11161at4891	0	36	357
4664at4891	0	71	706
25565at4891	0	20	201
10002at4891	0	29	291
29036at4891	0	22	219
1426at4891	0	67	668
25519at4891	0	23	233
1226at4891	0	94	940
4590at4891	0	53	526
38364at4891	0	28	171
21024at4891	0	21	214
27323at4891	0	101	634
31306at4891	0	16	163
30032at4891	0	20	201
26076at4891	0	22	222
13738at4891	0	32	321
17370at4891	0	61	606
33738at4891	0	31	313
37581at4891	0	24	169
20087at4891	0	22	221
15962at4891	0	29	289
23053at4891	0	29	289
17239at4891	0	21	214
25731at4891	0	25	251
30376at4891	0	15	153
10849at4891	0	31	312
22393at4891	0	24	237
16212at4891	0	35	351
2640at4891	0	54	538
16912at4891	0	22	222
17477at4891	0	27	274
25981at4891	0	33	270
7633at4891	0	64	639
31245at4891	0	13	132
13726at4891	0	29	285
540at4891	0	125	1253
14677at4891	0	37	305
17704at4891	0	32	320
14966at4891	0	35	347
5934at4891	0	88	763
4952at4891	0	46	460
13193at4891	0	57	509
27875at4891	0	16	158
8762at4891	0	43	431
18446at4891	0	42	361
13243at4891	0	38	384
3559at4891	0	50	495
33542at4891	0	16	163
21550at4891	0	38	198
29961at4891	0	29	198
13388at4891	0	40	395
3439at4891	0	56	559
27080at4891	0	18	182
23839at4891	0	21	209
25943at4891	0	25	248
29354at4891	0	16	158
28681at4891	0	35	166
2212at4891	0	57	566
23507at4891	0	31	311
1425at4891	0	65	646
28605at4891	0	30	176
17901at4891	0	30	302
13590at4891	0	41	247
28127at4891	0	32	243
9594at4891	0	37	374
27132at4891	0	23	228
10759at4891	0	40	403
18663at4891	0	36	356
2539at4891	0	57	528
3487at4891	0	81	805
21866at4891	0	25	248
34586at4891	0	12	118
35427at4891	0	23	184
33590at4891	0	44	441
4330at4891	0	51	507
26091at4891	0	21	206
29050at4891	0	44	254
32435at4891	0	30	243
14521at4891	0	34	344
21465at4891	0	25	251
25214at4891	0	34	336
3060at4891	0	76	763
12814at4891	0	38	379
22093at4891	0	31	307
14136at4891	0	56	409
28600at4891	0	17	171
25572at4891	0	19	193
16113at4891	0	32	322
11759at4891	0	35	345
2926at4891	0	60	595
30558at4891	0	47	449
41022at4891	0	6	57
26660at4891	0	21	206
20912at4891	0	68	474
28589at4891	0	19	185
33361at4891	0	13	131
34026at4891	0	30	207
40345at4891	0	17	140
21370at4891	0	26	256
26409at4891	0	17	165
6314at4891	0	59	590
30401at4891	0	15	149
29107at4891	0	21	139
22146at4891	0	25	248
28920at4891	0	15	147
811at4891	0	75	754
20158at4891	0	37	264
21253at4891	0	33	330
4151at4891	0	53	528
35040at4891	0	20	202
26758at4891	0	35	272
16911at4891	0	25	249
30024at4891	0	18	176
8923at4891	0	74	736
5040at4891	0	55	552
36879at4891	0	9	88
13303at4891	0	30	299
28190at4891	0	23	187
